SM:2021-12-06T07:25:03.2800144Z
LM:2021-12-07T07:22:35.2063270Z
CT:image/png
MA:604800
CL:51462
